0      0.000000000000000000e+00
1      0.000000000000000000e+00
2      0.000000000000000000e+00
3      0.000000000000000000e+00
4      0.000000000000000000e+00
5      0.000000000000000000e+00
6      0.000000000000000000e+00
7      0.000000000000000000e+00
8      1.279999999999999973e-05
9      7.167999999999999926e-05
10      2.293759999999999929e-04
11      5.505023999999999682e-04
12      1.101004799999999930e-03
13      1.937768447999999941e-03
14      3.100429516799999969e-03
15      4.606352424959999993e-03
16      6.448893394944000089e-03
17      8.598524526591999908e-03
18      1.103933296607231964e-02
19      1.383346259519078356e-02
20      1.714202450916802513e-02
21      2.115005311466078135e-02
22      2.592822580937647612e-02
23      3.132112311316371115e-02
24      3.693332441576610188e-02
25      4.221988118143753872e-02
26      4.663180027385004486e-02
27      4.975101541525752622e-02
28      5.136896081409437305e-02
29      5.149638715996102127e-02
30      5.031940526982125953e-02
31      4.812899779541217855e-02
32      4.524973905376315706e-02
33      4.198442163431224793e-02
34      3.858093205193172014e-02
35      3.521987462420670721e-02
36      3.201732102550505630e-02
37      2.903613125188754000e-02
38      2.630032474256496551e-02
39      2.380879282161430053e-02
40      2.154642330086176871e-02
41      1.094008281292946333e-01
42      4.376033125171785377e-02
43      1.750413250068714483e-02
44      7.001653000274858604e-03
45      2.800661200109943106e-03
46      1.120264480043977281e-03
47      4.481057920175909732e-04
48      1.792423168070363979e-04
49      7.169692672281457181e-05
50      2.867877068912582781e-05
51      1.147150827565033031e-05
52      4.588603310260132817e-06
53      1.835441324104053188e-06
54      7.341765296416212533e-07
55      2.936706118566485455e-07
56      1.174682447426594259e-07
57      4.698729789706377243e-08
58      1.879491915882551124e-08
59      7.517967663530204334e-09
60      3.007187065412082185e-09
61      1.202874826164832881e-09
62      4.811499304659332079e-10
63      1.924599721863732770e-10
64      7.698398887454931304e-11
65      3.079359554981972800e-11
66      1.231743821992789214e-11
67      4.926975287971157307e-12
68      1.970790115188462986e-12
69      7.883160460753852508e-13
70      3.153264184301541084e-13
71      1.261305673720616536e-13
72      5.045222694882465999e-14
73      2.018089077952986611e-14
74      8.072356311811946058e-15
75      3.228942524724778553e-15
76      1.291577009889911537e-15
77      5.166308039559646709e-16
78      2.066523215823858890e-16
79      8.266092863295435623e-17
80      3.306437145318174825e-17
81      1.322574858127269852e-17
82      5.290299432509079643e-18
83      2.116119773003631972e-18
84      8.464479092014528922e-19
85      3.385791636805811334e-19
86      1.354316654722324672e-19
87      5.417266618889299053e-20
88      2.166906647555719875e-20
89      8.667626590222879970e-21
90      3.467050636089152495e-21
91      1.386820254435660956e-21
92      5.547281017742644230e-22
93      2.218912407097058000e-22
94      8.875649628388231366e-23
95      3.550259851355292263e-23
96      1.420103940542117110e-23
97      5.680415762168468688e-24
98      2.272166304867387871e-24
99      9.088665219469550840e-25
100      3.635466087787821192e-25
101      1.454186435115128332e-25
102      5.816745740460513828e-26
103      2.326698296184205908e-26
104      9.306793184736822524e-27
105      3.722717273894729398e-27
106      1.489086909557891632e-27
107      5.956347638231567760e-28
108      2.382539055292627290e-28